1514 1514 1514 1514 1514
1514 1514 1514 1514 1514
1514 1514 1514 1514 1514
1514 1514 1514 1514 1514
1514 1514 1514 1514 1514
1514 1514 1514 1514 1514
1514 1514 1514 1514 1514
1514 1514 1514 1514 1514
1514 1514 1514 1514 1514
1514 1514 1514 1514 1514
1514 1514 1514 1514 1514
1514 1514 1514 1514 1514
1514 1514 1514 1514 1514
1514 1514 1514 1514 1514
1514 1514 1514 1514 1514
1514 1514 1514 1514 1514
1514 1514 1514 1514 1514
1514 1514 1514 1514 1514
1514 1514 1514 1514 1514
1514 1514 1514 1514 1514
1514 1514 1514 1514 1514
1514 1514 1514 1514 1514
1514 1514 1514 1514 1514
1514 1514 1514 1514 1514
1514 1514 1514 1514 1514
1514 1514 1514 1514 1514
1514 1514 1514 1514 1514
1514 1514 1514 1514 1514
1514 1514 1514 1514 1514
1514 1514 1514 1514 1514
1514 1514 1514 1514 1514
1514 1514 1514 1514 1514
1514 1514 1514 1514 1514
1514 1514 1514 1514 1514
1514 1514 1514 1514 1514
1514 1514 1514 1514 1514
1514 1514 1514 1514 1514
1514 1514 1514 1514 1514
1514 1514 1514 1514 1514
1514 1514 1514 1514 1514
1514 1514 1514 1514 1514
1514 1514 1514 1514 1514
1514 1514 1514 1514 1514
1514 1514 1514 1514 1514
1514 1514 1514 1514 1514
1514 1514 1514 1514 1514
1514 1514 1514 1514 1514
1514 1514 1514 1514 1514
1514 1514 1514 1514 1514
1514 1514 1514 1514 1514
1514 1514 1514 1514 1514
1514 1514 1514 1514 1514
1514 1514 1514 1514 1514
1514 1514 1514 1514 1514
1514 1514 1514 1514 1514
1514 1514 1514 1514 1514
1514 1514 1514 1514 1514
1514 1514 1514 1514 1514
1514 1514 1514 1514 1514
1514 1514 1514 1514 1514
1514 1514 1514 1514 1514
1514 1514 1514 1514 1514
1514 1514 1514 1514 1514
1514 1514 1514 1514 1514
1514 1514 1514 1514 1514
1514 1514 1514 1514 1514
1514 1514 1514 1514 1514
1514 1514 1514 1514 1514
1514 1514 1513 1513 1513
1513 1513 1513 1513 1513
1513 1513 1513 1513 1513
1513 1513 1513 1513 1513
1513 1513 1513 1513 1513
1513 1513 1513 1513 1513
1513 1513 1513 1513 1513
1513 1513 1513 1513 1513
1513 1513 1513 1513 1513
1513 1513 1513 1513 1513
1513 1513 1513 1513 1513
1513 1513 1513 1513 1513
1513 1513 1513 1513 1513
1513 1513 1513 1513 1513
1513 1513 1513 1513 1513
1513 1513 1513 1513 1513
1513 1513 1513 1513 1513
1513 1513 1513 1513 1513
1513 1513 1513 1513 1513
1513 1513 1513 1513 1513
1513 1513 1513 1513 1513
1513 1513 1513 1513 1513
1513 1513 1513 1513 1513
1513 1513 1513 1513 1513
1513 1513 1513 1513 1513
1513 1513 1513 1513 1513
1513 1513 1513 1513 1513
1513 1513 1513 1513 1513
1513 1513 1513 1513 1513
1513 1513 1513 1513 1513
1513 1513 1513 1513 1513
1513 1513 1513 1513 1513
1513 1513 1513 1513 1513
1513 1513 1513 1513 1513
1513 1513 1513 1513 1513
1513 1513 1513 1513 1513
1513 1513 1513 1513 1513
1513 1513 1513 1513 1513
1513 1513 1513 1513 1513
1513 1513 1513 1513 1513
1513 1513 1513 1513 1513
1513 1513 1513 1513 1513
1513 1513 1513 1513 1513
1513 1513 1513 1513 1513
1513 1513 1513 1513 1513
1513 1513 1513 1513 1513
1513 1513 1513 1513 1513
1513 1513 1513 1513 1513
1513 1513 1513 1513 1513
1513 1513 1513 1513 1513
1513 1513 1513 1513 1513
1513 1513 1513 1513 1513
1513 1513 1513 1513 1513
1513 1513 1513 1513 1513
1513 1513 1513 1513 1513
1513 1513 1513 1513 1513
1513 1513 1513 1513 1513
1513 1513 1513 1513 1513
1513 1513 1513 1513 1513
1513 1513 1513 1513 1513
1513 1513 1513 1513 1513
1513 1513 1513 1513 1513
1513 1513 1513 1513 1513
1513 1513 1513 1513 1513
1513 1513 1513 1513 1513
1513 1513 1513 1513 1513
1513 1513 1513 1513 1513
1513 1513 1513 1513 1513
1513 1513 1513 1513 1513
1513 1513 1513 1513 1513
1513 1513 1513 1513 1513
1513 1513 1513 1513 1513
1513 1513 1513 1513 1513
1513 1513 1513 1513 1513
1513 1513 1513 1513 1513
1513 1513 1513 1513 1513
1513 1513 1513 1513 1513
1513 1513 1513 1513 1513
1513 1513 1513 1513 1513
1513 1513 1513 1513 1513
1513 1513 1513 1513 1513
1513 1513 1513 1513 1512
1512 1512 1512 1512 1512
1512 1512 1512 1512 1512
1512 1512 1512 1512 1512
1512 1512 1512 1512 1512
1512 1512 1512 1512 1512
1512 1512 1512 1512 1512
1512 1512 1512 1512 1512
1512 1512 1512 1512 1512
1512 1512 1512 1512 1512
1512 1512 1512 1512 1512
1512 1512 1512 1512 1512
1512 1512 1512 1512 1512
1512 1512 1512 1512 1512
1512 1512 1512 1512 1512
1512 1512 1512 1512 1512
1512 1512 1512 1512 1512
1512 1512 1512 1512 1512
1512 1512 1512 1512 1512
1512 1512 1512 1512 1512
1512 1512 1512 1512 1512
1512 1512 1512 1512 1512
1512 1512 1512 1512 1512
1512 1512 1512 1512 1512
1512 1512 1512 1512 1512
1512 1512 1512 1512 1512
1512 1512 1512 1512 1512
1512 1512 1512 1512 1512
1512 1512 1512 1512 1512
1512 1512 1512 1512 1512
1512 1512 1512 1512 1512
1512 1512 1512 1512 1512
1512 1512 1512 1512 1512
1512 1512 1512 1512 1512
1512 1512 1512 1512 1512
1512 1512 1512 1512 1512
1512 1512 1512 1512 1512
1512 1512 1512 1512 1512
1512 1512 1512 1512 1512
1512 1512 1512 1512 1512
1512 1512 1512 1512 1512
1512 1512 1512 1512 1512
1512 1512 1512 1512 1512
1512 1512 1512 1512 1512
1512 1512 1512 1512 1512
1512 1512 1512 1512 1512
1512 1512 1512 1512 1512
1512 1512 1512 1512 1512
1512 1512 1512 1512 1512
1512 1512 1512 1512 1512
1512 1512 1512 1512 1512
1512 1512 1512 1512 1512
1512 1512 1512 1512 1512
1512 1512 1512 1512 1512
1512 1512 1512 1512 1512
1512 1512 1512 1512 1512
1512 1512 1512 1512 1512
1512 1512 1512 1512 1512
1512 1512 1512 1512 1512
1512 1512 1512 1512 1512
1512 1512 1512 1512 1512
1512 1512 1512 1512 1512
1512 1512 1512 1512 1512
1512 1512 1512 1512 1512
1512 1512 1512 1512 1512
1512 1512 1512 1512 1512
1512 1512 1512 1512 1512
1512 1512 1512 1512 1512
1512 1512 1512 1512 1512
1512 1512 1512 1512 1512
1512 1512 1512 1512 1512
1512 1512 1512 1512 1512
1512 1512 1512 1512 1512
1512 1512 1512 1512 1512
1512 1512 1512 1512 1512
1512 1512 1511 1511 1511
1511 1511 1511 1511 1511
1511 1511 1511 1511 1511
1511 1511 1511 1511 1511
1511 1511 1511 1511 1511
1511 1511 1511 1511 1511
1511 1511 1511 1511 1511
1511 1511 1511 1511 1511
1511 1511 1511 1511 1511
1511 1511 1511 1511 1511
1511 1511 1511 1511 1511
1511 1511 1511 1511 1511
1511 1511 1511 1511 1511
1511 1511 1511 1511 1511
1511 1511 1511 1511 1511
1511 1511 1511 1511 1511
1511 1511 1511 1511 1511
1511 1511 1511 1511 1511
1511 1511 1511 1511 1511
1511 1511 1511 1511 1511
1511 1511 1511 1511 1511
1511 1511 1511 1511 1511
1511 1511 1511 1511 1511
1511 1511 1511 1511 1511
1511 1511 1511 1511 1511
1511 1511 1511 1511 1511
1511 1511 1511 1511 1511
1511 1511 1511 1511 1511
1511 1511 1511 1511 1511
1511 1511 1511 1511 1511
1511 1511 1511 1511 1511
1511 1511 1511 1511 1511
1511 1511 1511 1511 1511
1511 1511 1511 1511 1511
1511 1511 1511 1511 1511
1511 1511 1511 1511 1511
1511 1511 1511 1511 1511
1511 1511 1511 1511 1511
1511 1511 1511 1511 1511
1511 1511 1511 1511 1511
1511 1511 1511 1511 1511
1511 1511 1511 1511 1511
1511 1511 1511 1511 1511
1511 1511 1511 1511 1511
1511 1511 1511 1511 1511
1511 1511 1511 1511 1511
1511 1511 1511 1511 1511
1511 1511 1511 1511 1511
1511 1511 1511 1511 1511
1511 1511 1511 1511 1511
1511 1511 1511 1511 1511
1511 1511 1511 1511 1511
1511 1511 1511 1511 1511
1511 1511 1511 1511 1511
1511 1511 1511 1511 1511
1511 1511 1511 1511 1511
1511 1511 1511 1511 1511
1511 1511 1511 1510 1510
1510 1510 1510 1510 1510
1510 1510 1510 1510 1510
1510 1510 1510 1510 1510
1510 1510 1510 1510 1510
1510 1510 1510 1510 1510
1510 1510 1510 1510 1510
1510 1510 1510 1510 1510
1510 1510 1510 1510 1510
1510 1510 1510 1510 1510
1510 1510 1510 1510 1510
1510 1510 1510 1510 1510
1510 1510 1510 1510 1510
1510 1510 1510 1510 1510
1510 1510 1510 1510 1510
1510 1510 1510 1510 1510
1510 1510 1510 1510 1510
1510 1510 1510 1510 1510
1510 1510 1510 1510 1510
1510 1510 1510 1510 1510
1510 1510 1510 1510 1510
1510 1510 1510 1510 1510
1510 1510 1510 1510 1510
1510 1510 1510 1510 1510
1510 1510 1510 1510 1510
1510 1510 1510 1510 1510
1510 1510 1510 1510 1510
1510 1510 1510 1510 1510
1510 1510 1510 1510 1510
1510 1510 1510 1510 1510
1510 1510 1510 1510 1510
1510 1510 1510 1510 1510
1510 1510 1510 1510 1510
1510 1510 1510 1510 1510
1510 1510 1510 1510 1510
1510 1510 1510 1510 1510
1510 1510 1510 1510 1510
1510 1510 1510 1510 1510
1510 1510 1510 1510 1510
1510 1510 1510 1510 1510
1510 1510 1510 1510 1510
1510 1510 1510 1510 1510
1510 1510 1510 1510 1510
1510 1510 1510 1510 1510
1509 1509 1509 1509 1509
1509 1509 1509 1509 1509
1509 1509 1509 1509 1509
1509 1509 1509 1509 1509
1509 1509 1509 1509 1509
1509 1509 1509 1509 1509
1509 1509 1509 1509 1509
1509 1509 1509 1509 1509
1509 1509 1509 1509 1509
1509 1509 1509 1509 1509
1509 1509 1509 1509 1509
1509 1509 1509 1509 1509
1509 1509 1509 1509 1509
1509 1509 1509 1509 1509
1509 1509 1509 1509 1509
1509 1509 1509 1509 1509
1509 1509 1509 1509 1509
1509 1509 1509 1509 1509
1509 1509 1509 1509 1509
1509 1509 1509 1509 1509
1509 1509 1509 1509 1509
1509 1509 1509 1509 1509
1509 1509 1509 1509 1509
1509 1509 1509 1509 1509
1509 1509 1509 1509 1509
1509 1509 1509 1509 1509
1509 1509 1509 1509 1509
1509 1509 1509 1509 1509
1509 1509 1509 1509 1509
1509 1509 1509 1509 1509
1509 1509 1509 1509 1509
1509 1509 1508 1508 1508
1508 1508 1508 1508 1508
1508 1508 1508 1508 1508
1508 1508 1508 1508 1508
1508 1508 1508 1508 1508
1508 1508 1508 1508 1508
1508 1508 1508 1508 1508
1508 1508 1508 1508 1508
1508 1508 1508 1508 1508
1508 1508 1508 1508 1508
1508 1508 1508 1508 1508
1508 1508 1508 1508 1508
1508 1508 1508 1508 1508
1508 1508 1508 1508 1508
1508 1508 1508 1508 1508
1508 1508 1508 1508 1508
1508 1508 1508 1508 1508
1508 1508 1508 1508 1508
1508 1508 1508 1508 1508
1508 1508 1508 1508 1508
1508 1508 1508 1508 1508
1508 1508 1508 1508 1508
1508 1508 1508 1508 1508
1508 1508 1508 1508 1508
1508 1508 1508 1508 1508
1508 1508 1508 1508 1508
1508 1508 1507 1507 1507
1507 1507 1507 1507 1507
1507 1507 1507 1507 1507
1507 1507 1507 1507 1507
1507 1507 1507 1507 1507
1507 1507 1507 1507 1507
1507 1507 1507 1507 1507
1507 1507 1507 1507 1507
1507 1507 1507 1507 1507
1507 1507 1507 1507 1507
1507 1507 1507 1507 1507
1507 1507 1507 1507 1507
1507 1507 1507 1507 1507
1507 1507 1507 1507 1507
1507 1507 1507 1507 1507
1507 1507 1507 1507 1507
1507 1507 1507 1507 1507
1507 1507 1507 1507 1507
1507 1507 1507 1507 1507
1507 1506 1506 1506 1506
1506 1506 1506 1506 1506
1506 1506 1506 1506 1506
1506 1506 1506 1506 1506
1506 1506 1506 1506 1506
1506 1506 1506 1506 1506
1506 1506 1506 1506 1506
1506 1506 1506 1506 1506
1506 1506 1506 1506 1506
1506 1506 1506 1506 1506
1506 1506 1506 1506 1506
1506 1506 1506 1506 1506
1506 1506 1506 1506 1506
1506 1506 1506 1506 1506
1506 1506 1506 1506 1506
1506 1506 1506 1506 1506
1506 1506 1506 1506 1506
1506 1506 1506 1506 1506
1506 1505 1505 1505 1505
1505 1505 1505 1505 1505
1505 1505 1505 1505 1505
1505 1505 1505 1505 1505
1505 1505 1505 1505 1505
1505 1505 1505 1505 1505
1505 1505 1505 1505 1505
1505 1505 1505 1505 1505
1505 1505 1505 1505 1505
1505 1505 1505 1505 1505
1505 1505 1505 1505 1505
1505 1505 1505 1505 1505
1505 1505 1505 1505 1505
1505 1505 1505 1505 1505
1505 1505 1505 1505 1505
1505 1505 1505 1505 1505
1505 1505 1505 1505 1505
1505 1505 1505 1505 1505
1505 1505 1505 1505 1505
1505 1505 1505 1505 1505
1505 1505 1505 1505 1505
1505 1505 1505 1505 1505
1505 1505 1504 1504 1504
1504 1504 1504 1504 1504
1504 1504 1504 1504 1504
1504 1504 1504 1504 1504
1504 1504 1504 1504 1504
1504 1504 1504 1504 1504
1504 1504 1504 1504 1504
1504 1504 1504 1504 1504
1504 1504 1504 1504 1504
1504 1504 1504 1504 1504
1504 1504 1504 1504 1504
1504 1504 1504 1504 1504
1504 1504 1504 1504 1504
1504 1504 1504 1504 1504
1504 1504 1504 1504 1504
1504 1504 1504 1504 1504
1504 1504 1504 1504 1504
1504 1504 1504 1504 1504
1504 1504 1504 1504 1504
1504 1504 1504 1504 1504
1504 1504 1504 1504 1504
1504 1504 1504 1504 1504
1504 1504 1504 1504 1504
1504 1504 1504 1504 1503
1503 1503 1503 1503 1503
1503 1503 1503 1503 1503
1503 1503 1503 1503 1503
1503 1503 1503 1503 1503
1503 1503 1503 1503 1503
1503 1503 1503 1503 1503
1503 1503 1503 1503 1503
1503 1503 1503 1503 1503
1503 1503 1503 1503 1503
1503 1503 1503 1503 1503
1503 1503 1503 1503 1503
1503 1502 1502 1502 1502
1502 1502 1502 1502 1502
1502 1502 1502 1502 1502
1502 1502 1502 1502 1502
1502 1502 1502 1502 1502
1502 1502 1502 1502 1502
1502 1502 1502 1502 1502
1502 1502 1502 1502 1502
1502 1502 1502 1502 1502
1502 1502 1502 1502 1502
1502 1502 1502 1502 1502
1502 1502 1502 1502 1501
1501 1501 1501 1501 1501
1501 1501 1501 1501 1501
1501 1501 1501 1501 1501
1501 1501 1501 1501 1501
1501 1501 1501 1501 1501
1501 1501 1501 1501 1501
1501 1501 1501 1501 1501
1501 1501 1501 1501 1501
1501 1501 1501 1501 1501
1501 1501 1501 1501 1501
1501 1501 1501 1501 1501
1501 1501 1501 1501 1501
1501 1501 1501 1501 1501
1501 1501 1501 1501 1501
1501 1501 1501 1501 1501
1501 1501 1501 1501 1501
1501 1501 1501 1501 1501
1501 1501 1501 1501 1501
1501 1501 1501 1501 1501
1501 1501 1501 1501 1501
1501 1500 1500 1500 1500
1500 1500 1500 1500 1500
1500 1500 1500 1500 1500
1500 1500 1500 1500 1500
1500 1500 1500 1500 1500
1500 1500 1500 1500 1500
1500 1500 1500 1500 1499
1499 1499 1499 1499 1499
1499 1499 1499 1499 1499
1499 1499 1499 1499 1499
1499 1499 1499 1499 1499
1499 1499 1499 1499 1499
1499 1499 1499 1499 1499
1499 1499 1499 1499 1499
1499 1499 1499 1499 1499
1499 1499 1499 1499 1499
1499 1499 1499 1499 1499
1499 1499 1499 1499 1499
1499 1499 1499 1499 1499
1499 1499 1499 1499 1499
1499 1499 1499 1499 1499
1499 1499 1499 1499 1499
1499 1499 1499 1499 1499
1498 1498 1498 1498 1498
1498 1498 1498 1498 1498
1498 1498 1498 1498 1498
1498 1498 1498 1498 1498
1498 1498 1498 1498 1498
1498 1498 1498 1498 1498
1498 1498 1498 1498 1498
1498 1498 1498 1498 1498
1498 1498 1498 1498 1498
1498 1498 1498 1498 1498
1498 1498 1498 1498 1498
1498 1498 1498 1498 1498
1498 1498 1498 1498 1498
1498 1498 1498 1498 1498
1498 1498 1498 1498 1498
1498 1498 1498 1498 1498
1498 1498 1498 1498 1498
1498 1498 1498 1498 1498
1497 1497 1497 1497 1497
1497 1497 1497 1497 1497
1497 1497 1497 1497 1497
1497 1497 1497 1497 1497
1497 1497 1497 1497 1497
1497 1497 1497 1497 1497
1497 1497 1497 1497 1497
1497 1497 1497 1497 1497
1497 1497 1497 1497 1497
1497 1497 1497 1497 1496
1496 1496 1496 1496 1496
1496 1496 1496 1496 1496
1496 1496 1496 1496 1496
1496 1496 1496 1496 1496
1496 1496 1496 1496 1496
1496 1496 1496 1496 1496
1496 1496 1496 1496 1496
1496 1496 1496 1496 1495
1495 1495 1495 1495 1495
1495 1495 1495 1495 1495
1495 1495 1495 1495 1495
1495 1495 1495 1495 1495
1495 1495 1495 1495 1495
1495 1495 1495 1495 1495
1495 1495 1495 1495 1495
1495 1495 1495 1495 1495
1495 1495 1495 1494 1494
1494 1494 1494 1494 1494
1494 1494 1494 1494 1494
1494 1494 1494 1494 1494
1494 1494 1494 1494 1494
1494 1494 1494 1494 1494
1494 1494 1494 1494 1494
1494 1494 1494 1494 1494
1494 1494 1494 1494 1494
1494 1494 1494 1494 1494
1494 1493 1493 1493 1493
1493 1493 1493 1493 1493
1493 1493 1493 1493 1493
1493 1493 1493 1493 1493
1493 1493 1493 1493 1493
1493 1493 1493 1493 1493
1493 1493 1493 1493 1493
1493 1493 1493 1493 1493
1493 1493 1493 1493 1493
1493 1493 1493 1493 1493
1493 1493 1493 1493 1493
1493 1493 1492 1492 1492
1492 1492 1492 1492 1492
1492 1492 1492 1492 1492
1492 1492 1492 1492 1492
1492 1492 1492 1492 1492
1492 1492 1492 1492 1492
1492 1492 1492 1492 1492
1492 1492 1492 1492 1492
1491 1491 1491 1491 1490
1490 1490 1490 1490 1489
1489 1489 1489 1489 1489
1489 1489 1489 1489 1489
1489 1489 1489 1489 1489
1489 1489 1489 1489 1489
1489 1489 1489 1489 1489
1489 1489 1489 1489 1489
1489 1489 1489 1489 1489
1489 1488 1488 1488 1488
1488 1488 1488 1488 1488
1488 1488 1488 1488 1488
1488 1488 1488 1488 1488
1488 1488 1488 1488 1488
1488 1488 1488 1488 1488
1488 1488 1488 1488 1488
1488 1488 1488 1488 1488
1488 1488 1488 1488 1488
1487 1487 1487 1487 1487
1487 1487 1487 1487 1487
1487 1487 1487 1487 1487
1487 1487 1487 1487 1487
1487 1487 1487 1487 1486
1486 1486 1486 1486 1486
1486 1486 1486 1486 1486
1486 1486 1486 1486 1486
1486 1486 1486 1486 1486
1486 1486 1486 1486 1486
1486 1486 1486 1486 1486
1485 1485 1485 1485 1485
1485 1485 1485 1485 1485
1485 1485 1485 1485 1484
1484 1484 1484 1484 1484
1484 1484 1484 1484 1484
1484 1484 1484 1484 1484
1484 1484 1484 1483 1483
1483 1483 1483 1483 1483
1483 1483 1483 1483 1483
1483 1483 1483 1483 1483
1483 1483 1483 1483 1483
1483 1483 1483 1483 1483
1483 1482 1482 1482 1482
1482 1482 1482 1482 1482
1482 1482 1482 1482 1482
1482 1482 1482 1482 1482
1482 1482 1482 1481 1481
1481 1481 1481 1481 1481
1481 1481 1480 1480 1480
1480 1480 1480 1480 1480
1480 1480 1480 1480 1480
1480 1480 1480 1480 1480
1480 1480 1480 1479 1479
1479 1479 1479 1479 1479
1479 1479 1479 1478 1478
1478 1478 1478 1478 1478
1478 1478 1478 1478 1478
1478 1478 1478 1478 1478
1478 1478 1478 1478 1478
1478 1477 1477 1477 1477
1477 1477 1477 1477 1477
1477 1477 1477 1476 1476
1476 1476 1476 1476 1476
1476 1476 1476 1476 1476
1476 1476 1476 1476 1476
1476 1476 1476 1476 1476
1476 1476 1476 1476 1476
1476 1476 1476 1476 1476
1476 1476 1476 1476 1476
1476 1476 1475 1475 1475
1475 1475 1475 1475 1475
1475 1475 1475 1475 1475
1475 1475 1475 1475 1475
1475 1475 1475 1475 1475
1475 1475 1475 1475 1475
1475 1475 1475 1475 1475
1475 1475 1475 1475 1475
1475 1475 1475 1475 1475
1475 1475 1475 1475 1475
1475 1475 1475 1475 1475
1475 1475 1475 1475 1474
1474 1474 1474 1474 1474
1474 1474 1474 1474 1474
1474 1474 1474 1474 1474
1474 1474 1474 1474 1474
1474 1474 1474 1474 1474
1473 1473 1473 1473 1473
1473 1473 1473 1473 1473
1473 1473 1473 1473 1473
1473 1473 1472 1472 1472
1472 1472 1472 1472 1472
1472 1472 1472 1472 1472
1472 1472 1472 1472 1472
1472 1472 1472 1472 1472
1472 1472 1472 1471 1471
1471 1471 1471 1471 1471
1471 1471 1471 1471 1471
1471 1471 1471 1471 1471
1471 1471 1470 1470 1470
1470 1470 1470 1470 1470
1470 1470 1470 1470 1470
1470 1470 1470 1470 1470
1470 1470 1470 1469 1469
1469 1469 1469 1469 1469
1469 1469 1469 1469 1469
1469 1469 1469 1469 1469
1469 1469 1469 1469 1469
1469 1468 1468 1468 1468
1467 1467 1467 1467 1467
1467 1467 1467 1467 1467
1467 1467 1467 1467 1467
1467 1467 1467 1467 1467
1467 1467 1467 1467 1467
1467 1467 1467 1467 1466
1466 1466 1466 1466 1466
1466 1465 1465 1465 1465
1465 1465 1465 1465 1465
1465 1465 1465 1465 1465
1464 1464 1464 1464 1464
1464 1464 1464 1464 1464
1464 1464 1464 1464 1464
1464 1464 1464 1464 1464
1464 1464 1464 1464 1464
1464 1464 1464 1464 1464
1464 1464 1464 1464 1463
1463 1463 1463 1463 1463
1463 1463 1463 1463 1463
1463 1463 1463 1463 1463
1463 1463 1463 1463 1463
1463 1463 1463 1463 1463
1463 1463 1463 1463 1463
1463 1463 1462 1462 1462
1462 1462 1462 1462 1462
1462 1462 1462 1462 1461
1461 1461 1460 1460 1460
1460 1460 1460 1460 1460
1460 1460 1460 1460 1460
1460 1460 1460 1460 1460
1460 1460 1460 1459 1459
1459 1459 1459 1459 1459
1459 1458 1458 1458 1458
1458 1458 1458 1458 1458
1458 1458 1458 1458 1458
1458 1458 1457 1457 1457
1457 1457 1457 1457 1457
1457 1457 1457 1457 1457
1457 1457 1457 1457 1457
1457 1457 1457 1457 1457
1457 1457 1456 1456 1456
1456 1456 1456 1456 1456
1456 1456 1456 1456 1456
1456 1456 1456 1456 1456
1456 1456 1456 1456 1456
1456 1456 1456 1456 1455
1455 1455 1455 1455 1455
1455 1455 1455 1455 1455
1455 1454 1454 1454 1454
1454 1454 1454 1454 1452
1452 1452 1452 1452 1452
1452 1452 1451 1451 1451
1451 1451 1450 1450 1450
1450 1450 1450 1450 1450
1450 1450 1449 1449 1449
1449 1449 1449 1449 1449
1449 1449 1448 1448 1448
1448 1448 1448 1448 1448
1447 1447 1447 1447 1447
1447 1447 1447 1447 1447
1447 1447 1447 1447 1447
1447 1447 1447 1447 1447
1447 1447 1447 1447 1447
1447 1446 1446 1446 1446
1446 1446 1446 1446 1446
1446 1446 1446 1446 1446
1445 1445 1445 1445 1445
1445 1445 1445 1445 1445
1445 1445 1445 1445 1445
1445 1444 1444 1444 1444
1444 1444 1444 1444 1444
1444 1444 1443 1443 1443
1443 1442 1442 1442 1442
1442 1442 1442 1442 1442
1442 1442 1441 1441 1441
1441 1441 1441 1441 1441
1441 1441 1441 1441 1440
1440 1440 1440 1439 1439
1439 1439 1438 1438 1438
1438 1438 1438 1438 1438
1438 1438 1438 1438 1438
1438 1437 1437 1437 1437
1437 1437 1437 1435 1434
1434 1434 1434 1434 1434
1434 1434 1433 1433 1432
1432 1432 1432 1431 1431
1431 1431 1430 1430 1429
1429 1429 1429 1429 1428
1428 1428 1428 1428 1428
1428 1428 1428 1427 1427
1426 1426 1426 1426 1426
1426 1426 1426 1426 1426
1426 1426 1426 1425 1424
1424 1424 1424 1424 1424
1423 1423 1423 1423 1423
1422 1422 1422 1422 1422
1422 1422 1422 1422 1422
1422 1421 1420 1420 1419
1418 1418 1418 1413 1412
1412 1412 1412 1412 1412
1412 1412 1410 1410 1410
1410 1410 1410 1410 1410
1410 1410 1410 1410 1410
1410 1410 1410 1410 1406
1406 1405 1403 1402 1402
1402 1402 1402 1402 1402
1401 1401 1401 1401 1401
1401 1401 1393 1393 1393
1393 1393 1393 1393 1393
1390 1390 1390 1390 1390
1390 1390 1389 1389 1389
1389 1389 1389 1389 1389
1388 1388 1388 1388 1388
1388 1387 1387 1387 1387
1387 1387 1387 1387 1387
1387 1387 1387 1386 1386
1386 1386 1385 1385 1385
1385 1385 1385 1385 1385
1385 1385 1384 1384 1384
1384 1384 1384 1384 1383
1381 1380 1380 1380 1380
1380 1380 1380 1380 1380
1380 1380 1380 1380 1376
1375 1375 1375 1375 1375
1375 1375 1373 1373 1372
1372 1372 1371 1371 1370
1369 1369 1369 1369 1369
1369 1369 1369 1368 1368
1368 1368 1368 1368 1368
1368 1366 1365 1365 1365
1365 1365 1365 1365 1365
1364 1364 1364 1363 1363
1363 1363 1363 1363 1362
1362 1362 1362 1362 1362
1361 1361 1359 1359 1358
1356 1356 1356 1356 1356
1355 1355 1352 1352 1352
1352 1352 1352 1352 1352
1352 1352 1347 1346 1346
1345 1345 1345 1345 1345
1343 1343 1342 1341 1341
1341 1340 1340 1340 1339
1338 1338 1338 1337 1336
1336 1336 1336 1336 1336
1336 1336 1336 1336 1336
1336 1336 1336 1336 1336
1334 1333 1332 1332 1332
1332 1332 1332 1331 1331
1331 1331 1331 1331 1331
1329 1329 1329 1329 1329
1329 1329 1329 1329 1329
1329 1329 1329 1329 1329
1329 1329 1329 1329 1329
1329 1329 1329 1328 1324
1324 1324 1324 1323 1323
1322 1322 1322 1322 1322
1322 1322 1322 1322 1321
1321 1321 1320 1320 1319
1319 1319 1318 1318 1318
1318 1318 1318 1318 1318
1318 1317 1317 1317 1317
1317 1317 1317 1315 1314
1314 1314 1314 1314 1314
1314 1314 1314 1314 1314
1314 1314 1314 1314 1313
1313 1313 1312 1312 1312
1305 1305 1305 1305 1304
1304 1304 1304 1304 1304
1304 1304 1304 1304 1304
1299 1299 1299 1299 1299
1299 1299 1299 1299 1299
1299 1299 1299 1299 1299
1299 1298 1298 1298 1298
1298 1298 1298 1298 1298
1298 1298 1298 1298 1298
1297 1297 1297 1297 1297
1297 1297 1297 1297 1297
1297 1297 1297 1297 1295
1294 1294 1294 1294 1294
1294 1294 1294 1294 1294
1294 1294 1294 1294 1294
1294 1294 1294 1294 1294
1294 1294 1294 1294 1294
1294 1294 1286 1286 1286
1286 1286 1286 1286 1284
1284 1284 1284 1284 1284
1284 1283 1283 1283 1283
1283 1283 1283 1281 1280
1280 1280 1280 1280 1280
1280 1278 1278 1277 1277
1277 1277 1277 1273 1272
1272 1272 1272 1272 1272
1269 1269 1269 1269 1269
1269 1269 1269 1269 1225
1224 1224 1224 1223 1223
1222 1221 1220 1205 1204
1204 1204 1204 1204 1204
1204 1204 1204 1204 1204
1204 1203 1203 1197 1196
1196 1195 1195 1194 1193
1191 1190 1187 1185 1184
1184 1184 1184 1184 1184
1184 1184 1183 1183 1182
1182 1182 1182 1182 1182
1181 1181 1180 1176 1175
1175 1173 1173 1173 1172
1171 1171 1171 1171 1168
1161 1156 1150 1150 1150
1150 1150 1150 1150 1138
1137 1137 1137 1137 1137
1137 1135 1135 1135 1135
1135 1135 1135 1124 1113
1112 1092 1092 1092 1092
1092 1092 1092 1092 1084
1084 1084 1084 1084 1084
1084 1084 1048 1045 1045
1045 1045 1045 1045 1045
1044 1040 1039 1038 1038
1037 1031 1030 1028 1028
1027 1026 1026 1026 1025
1025 1024 1024 1023 1023
1021 1021 1009 1005 1001
999 999 991 976 973
959 948 947 929 929
929 929 929 929 929
929 929 920 910 910
910 910 910 910 910
910 903 901 900 900
900 900 900 900 900
900 885 871 871 871
870 870 870 870 865
808 803 762 759
